0.55073476
0.27035445
0.16030511
0.3869821
1.1128325
1.1120131
1.1300431
0.49915776
0.20264888
0.9763158
0.40175092
0.15705663
0.62260336
0.41193548
0.8391502
0.7764394
0.7745313
1.0813538
1.079268
4.016201
1.1424224
0.79959315
0.9158512
0.6041973
0.117739245
6.726802
5.40777
1.0290332
0.8465689
1.5084076
1.7391715
0.9405022
1.3617225
0.35958138
0.3230053
0.4246852
0.44803986
0.492323
1.099625
0.53718156
3.2952783
0.96353275
0.9136212
3.180959
0.40224808
0.14559683
0.9187933
0.7394849
0.44387433
1.4272089
1.4916916
3.9977267
4.6302724
3.6447794
3.567824
1.8384202
1.6525954
1.6338322
1.6776116
5.2347503
2.0655253
2.2819836
0.14673229
0.82249737
0.6332906
0.41052717
1.1799617
2.8902645
2.8920906
0.93563783
2.777965
0.37134302
0.36376908
0.42871088
0.36937657
0.3570582
0.45772094
0.6494594
0.53688556
0.2899032
0.6996784
1.345979
1.2159766
3.3626308
0.60632664
3.495969
2.6018915
1.9445006
1.973592
0.19326828
0.16657484
0.21828343
0.27850792
0.19616337
0.26666406
0.48324522
0.43779632
1.169036
0.5392337
0.5052674
0.58052194
3.7219584
0.5883641
4.496406
0.6670668
0.39240417
0.35003203
0.4870547
